"Topic1"	"Topic2"	"Topic3"	"Topic4"	"Topic5"	"Topic6"	"Topic7"	"Topic8"	"Topic9"	"Topic10"	"Topic11"	"Topic12"	"Topic13"	"Topic14"	"Topic15"	"Topic16"	"Topic17"	"Topic18"	"celltype"	"TREATMENT"
"Immunodeficiency7827658"	0.0364397555053169	0.158368919032069	0.0322197102905468	0.0150380976304111	0.0441262664322197	0.0210667336515113	0.0557313907728376	0.168165452566357	0.0937117977057691	0.0234781880599514	0.0599514359876078	0.0418655279243071	0.0588964246839153	0.0490998911496274	0.0210667336515113	0.012626643221971	0.0848195595746462	0.0233274721594239	"SM B-cells"	"CONTROL"
"Immunodeficiency7827659"	0.0470648461433862	0.118837936633632	0.040873787184348	0.0352586406866156	0.0467768899127333	0.0331709580143818	0.0661419464241435	0.118693958518305	0.0856509810508803	0.0238123805181612	0.0575032595045553	0.0395059950887465	0.0652060886745215	0.0515281677185068	0.0144538030219407	0.0382821811084715	0.0786680424575465	0.0385701373391245	"USM B-cells"	"CONTROL"
"Immunodeficiency7827660"	0.0315591994299682	0.120283933580467	0.0361050229546049	0.0376473559361781	0.0443849158030504	0.0332638832517069	0.0443037403829676	0.130187334830569	0.0720657340512848	0.0236851836819367	0.0487683884875215	0.0952007287748825	0.0551000712539799	0.0480378097067763	0.0153241154134084	0.0426802319813116	0.0826997140821315	0.0387026363972545	"SM B-cells"	"CONTROL"
"Immunodeficiency7827661"	0.0259384666833877	0.149433575787978	0.0415517097232673	0.0207654042304155	0.0386359836134103	0.0198248474207842	0.0417398210851935	0.136642003176992	0.0892379399715743	0.0539670596104005	0.0205772928684893	0.0112657804531394	0.0679813560739069	0.0510513335005434	0.0376013711228158	0.0421160438090461	0.0999602876013711	0.0517097232672853	"USM B-cells"	"CONTROL"
"Immunodeficiency7827662"	0.0364320709508994	0.120838250545364	0.0436737832135322	0.0323284340020742	0.0405357078997246	0.0262132103136287	0.0568697922254408	0.133873332618102	0.0826985659621643	0.0112470049708543	0.0560651575295927	0.053812180381218	0.0691807030719165	0.0522029109895219	0.0145460072238315	0.0357883631942209	0.0856757143368022	0.0480188105711118	"SM B-cells"	"CONTROL"
"Immunodeficiency7827663"	0.0327850509119391	0.118600041560767	0.0398343963298646	0.034295624930066	0.0414888345401941	0.034799149602775	0.0601192474304257	0.127303825189022	0.0800444380504804	0.0329289151041417	0.0605508400070334	0.036093927332598	0.0660896114068319	0.0540769513579181	0.0198372736137087	0.0422800875973081	0.0796847775699739	0.0391870074649531	"USM B-cells"	"CONTROL"
"Immunodeficiency7827664"	0.0391772833872092	0.084356975343855	0.051327882360398	0.049046079736325	0.0489319896051214	0.0546364961653039	0.0571464790517842	0.0924573746593142	0.0644482474488179	0.0130506433415732	0.0682132217785384	0.10044368384357	0.0514419724916017	0.05982759713507	0.0262850985611967	0.0524117386068327	0.057888064904608	0.0289091715788806	"SM B-cells"	"CONTROL"
"Immunodeficiency7827665"	0.0415664128006787	0.0916767749077002	0.0537360721695268	0.0441315860990144	0.0539150377484805	0.0482477944149483	0.0641757309418229	0.0978212597851087	0.0722888371877216	0.0126932993961569	0.0643546965207766	0.0406715849059105	0.0644740069067457	0.0552871071871251	0.0217012335368238	0.0530798650466968	0.0699622846613242	0.0502164157834384	"USM B-cells"	"CONTROL"
"Immunodeficiency7827666"	0.0173970129656983	0.163630395535861	0.036008534383719	0.0271459051370425	0.0385196126702774	0.0187264073526998	0.052995240439849	0.165107500410307	0.0829804693911046	0.0274413261119317	0.0388150336451666	0.0429509272936156	0.0680617101591991	0.039405875594945	0.0227145905137042	0.0345314295092729	0.0961267027736747	0.0274413261119317	"SM B-cells"	"CONTROL"
"Immunodeficiency7827667"	0.035869953554841	0.106352268667381	0.0561914969632011	0.0347123972847446	0.0541979278313683	0.040950339406931	0.0521400500178635	0.106738120757413	0.0770275098249375	0.0302750982493748	0.0537477670596642	0.0274455162558056	0.0738120757413362	0.0581850660950339	0.0200500178635227	0.0506609503394069	0.0754197927831368	0.0462236513040372	"USM B-cells"	"CONTROL"
"Immunodeficiency7827668"	0.0330309844446129	0.119592039549593	0.0525868095033562	0.0279525337510633	0.0431878858317121	0.0328035911299763	0.0515256407017189	0.125655861273234	0.0785096473719228	0.0169618568769634	0.0702476902734615	0.0824511314922897	0.0619857331750002	0.0491001120122624	0.0149911148167799	0.0382610306812535	0.0767662986263759	0.024390038488424	"SM B-cells"	"CONTROL"
"Immunodeficiency7827669"	0.0268716641658616	0.095688338026625	0.0495022370215069	0.0561002514508095	0.0526470850205203	0.0536953676868581	0.0208286229128555	0.0979698944180661	0.0747226846998691	0.070899536152049	0.0133056531897255	0.015402218522401	0.0672613786629943	0.0623899474488363	0.060416709488671	0.051413811295417	0.0705912177207731	0.0602933821161607	"USM B-cells"	"CONTROL"
"Immunodeficiency7827670"	0.0608240404369017	0.0803436413695048	0.0538295167693856	0.0414128817317019	0.0516606722213185	0.0437443896208739	0.0768192689788959	0.0819702747805551	0.0633182116671788	0.01934488845512	0.0803436413695048	0.0546428334749107	0.0594142914806581	0.0492749432184448	0.0183146872947881	0.0429852940290505	0.0705838409032033	0.0511726821980035	"SM B-cells"	"CONTROL"
"Immunodeficiency7827671"	0.0280252927276808	0.0981809301281797	0.0485789341676237	0.0531530104418307	0.0598656158831994	0.0545786965532718	0.0222631446939395	0.0951513471413673	0.0767956384565628	0.0695484007234037	0.0191741581191504	0.00889733739917891	0.0602814409990363	0.0576082795400842	0.0659841854448009	0.0513114992145526	0.0737660554697504	0.0568360328963869	"USM B-cells"	"CONTROL"
"Immunodeficiency7827672"	0.0278348350815691	0.132181232255179	0.0469787016496408	0.0293959229133003	0.0353937866878463	0.0191256082308584	0.0689982563287961	0.134563945261505	0.0841161595413506	0.00671906809446864	0.0667798683573887	0.0620144423447357	0.0657117556304147	0.0459105889226668	0.00647258054209003	0.0449246387131524	0.0887994230365441	0.0340791864084938	"SM B-cells"	"CONTROL"
"Immunodeficiency7827673"	0.0375526395642295	0.0995655616983799	0.0494090306919189	0.0383519468312648	0.0486763323638032	0.0452792764789035	0.0519401703708638	0.109157248902803	0.0822472375792832	0.0157715165375193	0.0606659413693318	0.0476771982800092	0.0721892878024231	0.0571356676065928	0.0191019634834995	0.0483432876692052	0.0787169638165442	0.0382187289534256	"USM B-cells"	"CONTROL"
"Immunodeficiency7827674"	0.0391939918192181	0.161704553074499	0.0228994836719641	0.0304432374438409	0.0269731107087776	0.020636357540401	0.060467377455911	0.169399181921813	0.0959230201837323	0.0171662308053376	0.0503587474015959	0.0449272446858446	0.0508113726279085	0.0435693690069067	0.00645410044927245	0.0227486085965265	0.0894353919399182	0.0468886206665326	"SM B-cells"	"CONTROL"
"Immunodeficiency7827675"	0.0312058344391581	0.0674229428962898	0.0652382647722001	0.0681026205348955	0.0699474598396824	0.0712097183113787	0.0249430904834342	0.0718408475472268	0.0589755208164763	0.0241177676365559	0.0368859975617913	0.101309728021059	0.0478579365849975	0.0577618107475375	0.0397989017272443	0.0609660053295358	0.0600435856771423	0.0423719670733944	"SM B-cells"	"CVID"
"Immunodeficiency7827676"	0.0189734239460744	0.141002265318526	0.0441350350848113	0.030311066909774	0.0444333941101718	0.0306094259351345	0.055472678048511	0.146273274766562	0.0893861539311564	0.00972429415989834	0.0545776009724294	0.0779490579590033	0.0520912757610918	0.0479142494060445	0.00853085805845627	0.0334935631802862	0.090480137024145	0.0246422454279242	"SM B-cells"	"CONTROL"
"Immunodeficiency7827677"	0.0262350852360909	0.154182341912815	0.0327162563166586	0.0279112501707205	0.0417675469636583	0.0292521821184242	0.0473547634124235	0.154405830570765	0.0869122558696813	0.0398678933710781	0.0367390521597696	0.0397561490421028	0.0686979302467066	0.0389739387392756	0.0261233409071156	0.036180330514893	0.0771904992488298	0.0357333531989918	"SM B-cells"	"CVID"
"Immunodeficiency7827678"	0.0362850465181335	0.139346851114901	0.0490357977566619	0.022965790447314	0.0396960755118799	0.0196359764296092	0.0370159813025077	0.134230307624281	0.0919173051066172	0.0115956938014926	0.0580506600972775	0.0498479475170777	0.0671467374139347	0.0541523412472816	0.0233718653275219	0.0365286914462582	0.0842830973587085	0.0448938339785412	"SM B-cells"	"CONTROL"
"Immunodeficiency7827679"	0.0591163928393619	0.0683215360304782	0.0613080935991515	0.0619899560577527	0.0546355823971254	0.0541485377838388	0.0479630711950993	0.0715360304781696	0.063645907742927	0.01128861181462	0.0641816568175423	0.06208736498041	0.0556583760850272	0.0577526679221594	0.0308191008074117	0.0679319003398489	0.058239712535446	0.0493755005736303	"SM B-cells"	"CVID"
"Immunodeficiency7827680"	0.0413784645572725	0.0885087073828796	0.0534645572725043	0.0478354181996566	0.0466764778023056	0.0500981113563895	0.0562791268089281	0.0926477802305617	0.065495462349767	0.0150539612460142	0.0669303409369635	0.0946897228354182	0.0502636742702968	0.0589833210694138	0.0180340936963454	0.0517537404954624	0.068420407162129	0.0334866323276919	"SM B-cells"	"CONTROL"
"Immunodeficiency7827681"	0.0326308305920062	0.0823542879176758	0.0601224258636687	0.0651110388123727	0.0570316547976238	0.0599597537022979	0.026991528997819	0.0839810095313837	0.0715637012134138	0.0142488763571076	0.0563809661521406	0.0667919844798708	0.0582788080347998	0.0665750882647098	0.0275337695357216	0.0629963007145525	0.0705876682451891	0.0368603067876466	"SM B-cells"	"CVID"
"Immunodeficiency7827682"	0.0275780525996229	0.166922314894705	0.0376442015786278	0.0196689355446905	0.0318921164477679	0.0258524270603649	0.0353433675262838	0.167066117022976	0.10695682740549	0.0259962291886364	0.0444029016073882	0.0485731633272617	0.0418144632985013	0.0375003994503563	0.023839197264564	0.0360623781676413	0.0827980698558783	0.0400888377592433	"SM B-cells"	"CONTROL"
"Immunodeficiency7827683"	0.033361914969632	0.100500178635227	0.0493747767059664	0.0487959985709182	0.0490532332976063	0.0442300821722044	0.0474455162558056	0.112718828152912	0.0744551625580565	0.0124615934262237	0.0619792783136835	0.0593426223651304	0.055869953554841	0.0611432654519471	0.0156770275098249	0.055741336191497	0.0798570918185066	0.0379921400500179	"SM B-cells"	"CVID"
"Immunodeficiency7827684"	0.0251295756397797	0.133292840945902	0.0527534823453191	0.0330012957563978	0.043278263686427	0.0310333657272433	0.0544298671849692	0.122797214123745	0.0803773890508584	0.0103336572724328	0.0628846776805961	0.0477972141237447	0.0723598963394882	0.0553045027534824	0.011281179138322	0.0387593132491092	0.0830012957563978	0.0421849692257856	"SM B-cells"	"CONTROL"
"Immunodeficiency7827685"	0.033673480996098	0.079644608261379	0.0565054662525739	0.0496456321172201	0.0531779347690068	0.0642355778528605	0.0288101657508845	0.0811291992309705	0.0633653003879276	0.0306531062648601	0.0563518878764092	0.0913677576419462	0.0511814158788665	0.0497992104933848	0.0415571709725493	0.0565566590446287	0.0672047597920435	0.0451406664163908	"SM B-cells"	"CVID"
"Immunodeficiency7827686"	0.034474122493958	0.0854151796335951	0.0583104799829696	0.0600010017907009	0.0547603841867338	0.0579160248944989	0.0379678675632694	0.0957273626607561	0.0705949384524838	0.0242182901937213	0.050308676759708	0.0417433662672026	0.0619732772330541	0.0581977785291208	0.0311494296054197	0.0584795321637427	0.0696933268216938	0.0490689607673717	"SM B-cells"	"CONTROL"
"Immunodeficiency7827687"	0.0198479616692096	0.148371209079472	0.0405658609705827	0.0327364222811103	0.0328568751840253	0.0168366390963356	0.0416499370968174	0.158850611633074	0.103442276292192	0.0222570197275088	0.0447817125726063	0.0491180170775449	0.073208597660537	0.0469498648250756	0.00948901201852298	0.0394817848443481	0.0953719317968896	0.0241842661741481	"SM B-cells"	"CVID"
"Immunodeficiency7827688"	0.0245351359907632	0.122163561365774	0.0460720504297141	0.033250463234541	0.0401221635613658	0.0383623378679106	0.0535303593210239	0.127862044563628	0.0829445887687738	0.00660167416222055	0.0535303593210239	0.0937549465999981	0.055876793578964	0.0488374908051435	0.0165740197584663	0.0371053195154427	0.0831959924392674	0.035680698715979	"SM B-cells"	"CONTROL"
"Immunodeficiency7827689"	0.0341147083585558	0.0979258424308208	0.0568462507218848	0.0532768349788827	0.0576603279966045	0.0482671286729149	0.0374336387862595	0.109072438961599	0.0721258549550866	0.00699967297750503	0.0515860591006186	0.0936049707419236	0.0526506216906367	0.0609166370954836	0.0139506404770354	0.0462006248217032	0.0756326493692641	0.0317350978632211	"SM B-cells"	"CVID"
"Immunodeficiency7827690"	0.0288272143110853	0.125601407859472	0.0476444186121606	0.0270835351480513	0.0410329684523233	0.033840291904808	0.0596322128580193	0.133956537182344	0.0866592398850463	0.0105185830992283	0.0692224482547063	0.0727098065807743	0.0526574962058833	0.0574526139042268	0.011753689173044	0.0346394781878653	0.0763424715037618	0.0304255868771998	"SM B-cells"	"CONTROL"
"Immunodeficiency7827691"	0.031422073648336	0.0881342899406356	0.05294573794955	0.0481952834307535	0.0598075055878117	0.046494503417851	0.0267889143028431	0.09540659068546	0.073882926384246	0.0701294808385302	0.0171120625052946	0.00954652382721118	0.0693670622120566	0.0642060745866974	0.0640887794133938	0.0472569220443245	0.075114525703934	0.0601007435210708	"USM B-cells"	"CONTROL"
"Immunodeficiency7827692"	0.0346846144131696	0.111036824080884	0.0516666295231516	0.0351526227036022	0.0490591547621701	0.0507306129422864	0.034617756085965	0.113310007205842	0.0711224027397057	0.0308736897625044	0.0448470801482769	0.0659074532177427	0.0538060959937005	0.0454488050931188	0.0338154561595091	0.0558787041370447	0.0762036356072593	0.0418384554240675	"SM B-cells"	"CONTROL"
"Immunodeficiency7827693"	0.0421999185739826	0.118589913794629	0.0390136831111819	0.0359867594215212	0.0280211707645195	0.021091108632928	0.0605207724850867	0.124962384720231	0.0868868709397625	0.025711150053989	0.071115005398899	0.0507230984369745	0.0634680402881773	0.048572389499584	0.0173472819641371	0.0383764360186218	0.0853734090949321	0.0420406068008426	"USM B-cells"	"CONTROL"
"Immunodeficiency7827694"	0.0321387264920703	0.114913573205317	0.0411933393538983	0.0400526007256365	0.0462553670168101	0.0398387122328374	0.0252942947224995	0.118121900597303	0.0840423340779822	0.0304989147139439	0.0474674018093382	0.0573775686423626	0.0640081119191343	0.0613701538412789	0.0334933536131312	0.0420488933250947	0.0819034491499913	0.0399813045613702	"SM B-cells"	"CONTROL"
"Immunodeficiency7827695"	0.0327052677262715	0.112961734672988	0.0523087757224392	0.0343266104928718	0.04751844482112	0.0336633339065353	0.0493608797831659	0.114877867033516	0.0853252102423007	0.0156074712784861	0.0595311207736589	0.0652795178552419	0.0624053193144504	0.0534879340981486	0.0167129322557136	0.0537827236920759	0.080313787145536	0.02983106918548	"USM B-cells"	"CONTROL"
"Immunodeficiency7827696"	0.0362940390873352	0.145994394597747	0.0415420499219382	0.0357861670710833	0.0328235803096138	0.0231740120008276	0.0612644132197205	0.13973063973064	0.0889434381054493	0.0186878091906025	0.0664277787182815	0.0504298102063465	0.0620262212440983	0.0535616876398999	0.00429810206346519	0.0277448601470948	0.0803096138291669	0.0309613829166902	"SM B-cells"	"CONTROL"
"Immunodeficiency7827697"	0.0335599215231148	0.0902622343806129	0.0441294315952361	0.0517146094116997	0.0619732515405234	0.0517767830003592	0.0280886457210755	0.102137389814585	0.072231893669347	0.0698692973002846	0.0133535052087651	0.0127317693221697	0.0607297797673326	0.0634032440796927	0.0570615380364199	0.053828511426124	0.0816822791455967	0.0514659150570615	"USM B-cells"	"CONTROL"
"Immunodeficiency7827698"	0.0322095941431289	0.111406831950639	0.0406256493869787	0.0417765629245992	0.0435748653271312	0.0357342668520916	0.0477469269010055	0.1260809795553	0.0854393452580764	0.00897552710241532	0.0552997969916399	0.0748653271311882	0.0577454882590834	0.0547243402228297	0.0245847919563932	0.0416326987323966	0.0811953515881008	0.0363816557170032	"SM B-cells"	"CONTROL"
"Immunodeficiency7827699"	0.0233247173427582	0.138058061226284	0.0483286736649611	0.0434228341333896	0.0461131332313481	0.0241159817833342	0.0382004888255877	0.137345923229766	0.0894744245749152	0.027360165989696	0.0478539150006154	0.0253028784441983	0.0681102846793621	0.0560830651826063	0.019368395139878	0.0316329939688066	0.0928768616693921	0.0430272019131016	"USM B-cells"	"CONTROL"
"Immunodeficiency7827700"	0.0311532635184087	0.158479878811829	0.0428900744253441	0.024277152077982	0.0329315682012777	0.0252255812421788	0.0379108213133109	0.165355990252256	0.105130738325759	0.0271224395705724	0.0302048343542119	0.0364881775670157	0.0571165118882961	0.0497661858657709	0.021313310939867	0.0323387999736547	0.0746624514259369	0.0476322202463281	"SM B-cells"	"CONTROL"
"Immunodeficiency7827701"	0.0233113108009545	0.100234387724031	0.0512254016810769	0.0545394033380777	0.0601477138345407	0.0398175882848625	0.0171931538957222	0.0985773868955311	0.0741047592746019	0.0814975322017576	0.00852576494664316	0.0121584206091248	0.0679866023693696	0.0603389062378292	0.0673492943584079	0.0534559797194429	0.0788845693568146	0.0506518244712114	"USM B-cells"	"CONTROL"
"Immunodeficiency7827702"	0.0467516697024894	0.101904802247921	0.0531692577060476	0.0415413507293035	0.0501828553677582	0.039063272193276	0.0410965674023242	0.110546306886376	0.0815718501574392	0.010533598791319	0.0717230764886121	0.0348060603493314	0.0658773527625987	0.0544400672117027	0.0200646700837322	0.0529786362801994	0.0787125287697152	0.045036076869855	"SM B-cells"	"CONTROL"
"Immunodeficiency7827703"	0.0450614406936399	0.112376175363059	0.0513867619533776	0.0404672599891989	0.0408667539634981	0.0350075090071095	0.0587774004779132	0.113175163311657	0.0881402075889059	0.015765215911697	0.0657685450281495	0.0250867419786789	0.0688979144934934	0.0641039868019028	0.0131685050787521	0.0431971354802435	0.0801503281029215	0.0386029547758025	"USM B-cells"	"CONTROL"
"Immunodeficiency7827704"	0.0271782573940847	0.131845742917861	0.0438478485504279	0.028669747129126	0.0291084205806087	0.0234934004016299	0.0660447251954534	0.154919966465852	0.0821001735197208	0.0121756253533758	0.0610438478485504	0.0579731336881714	0.0679748883819773	0.0512175625353376	0.0048059113684662	0.041917685363904	0.0903472344075959	0.0253358288978573	"SM B-cells"	"CONTROL"
"Immunodeficiency7827705"	0.032932634995347	0.110526599140152	0.042623228198088	0.0467071210478146	0.0469147766164448	0.0339709128384978	0.0407543280804165	0.126031548264538	0.0833237196496005	0.0343170054528814	0.0484375841197327	0.0174276858709613	0.0717642263291879	0.0501680471916507	0.0258031271390446	0.0496142990086369	0.0901763534143959	0.0485068026426094	"USM B-cells"	"CONTROL"
"Immunodeficiency7827706"	0.0516983689345624	0.118871900557923	0.0400014853185544	0.025881675810659	0.0340694943418646	0.0270513641722598	0.0608887774899973	0.131237177523417	0.0767631195402939	0.017109013098653	0.0808570288058967	0.051113524753762	0.0533693523082779	0.0523667622840486	0.0141012430259652	0.047103164656845	0.0737553494676061	0.0437611979094141	"SM B-cells"	"CONTROL"
"Immunodeficiency7827707"	0.0392824855019735	0.0745077286057639	0.0580362064783577	0.0590780798659346	0.0592765319397588	0.0677107450772861	0.0446406914952261	0.0741108244581156	0.0562501378139402	0.013235650812551	0.0609633745672642	0.0864644660536703	0.0589292408105665	0.0593261449582148	0.0183457917135234	0.061906021917929	0.0697448788339838	0.0381909990959406	"SM B-cells"	"CVID"
"Immunodeficiency7827708"	0.052927906089812	0.0876594204303786	0.0509498968978869	0.0451322228039896	0.0434450973167594	0.0414670881248344	0.071951700376856	0.0975494663900039	0.0735806491231472	0.00964441083121635	0.0832379881190167	0.0615380637487799	0.0600836452253056	0.0509498968978869	0.0164510895210761	0.0482155900737552	0.0692755702936633	0.035940297735632	"SM B-cells"	"CONTROL"
"Immunodeficiency7827709"	0.0232259371064406	0.0843411618031428	0.0599634207312057	0.0528437533620651	0.0608747381544556	0.0707853151322992	0.0339908741685811	0.0948213121705176	0.0718105472334555	0.00408827121819091	0.0364969970825185	0.112250257890174	0.048173251567909	0.0554637909539089	0.0186693499901907	0.0630960743736275	0.0728357793346117	0.036269167726706	"SM B-cells"	"CVID"
"Immunodeficiency7827710"	0.0404008632364377	0.12493337876683	0.0363904834298795	0.0381204511895713	0.0449616873301705	0.0367050230225507	0.0643845071776188	0.112273160161813	0.0880536115261286	0.0163385843970888	0.050859304692756	0.0729557110779097	0.0551055891938176	0.0479498134605471	0.0114632207106847	0.0404008632364377	0.0820773592653753	0.0366263881243829	"SM B-cells"	"CONTROL"
"Immunodeficiency7827711"	0.026791489845677	0.100939017195175	0.055836336624514	0.035556124226075	0.0483512109127873	0.0436810042721373	0.0438089551390044	0.104713567767755	0.0729177773512749	0.0197541921679853	0.0502704739157941	0.0924302845485112	0.0546208033892763	0.0541089999218078	0.026215710944775	0.0466878496435147	0.0798910995955331	0.043425102538403	"SM B-cells"	"CVID"
"Immunodeficiency7827712"	0.0639854228747722	0.0911004545484446	0.0484150007564844	0.0402449693788276	0.0514343601786619	0.0366335786973997	0.0560522040008157	0.0945342358520974	0.075826048059782	0.0305356567271196	0.0616172978377703	0.0368703912010999	0.0607884540748196	0.0572954696452417	0.0314237036159954	0.0476453601194588	0.0705569698524527	0.0450404225787566	"SM B-cells"	"CONTROL"
"Immunodeficiency7827713"	0.0319728791344512	0.0878340485327385	0.0583438880382112	0.0648090386081653	0.0598751079100424	0.0561888378482265	0.0345249122541699	0.0862461168138024	0.071784595802063	0.0126908511187987	0.0472283660056586	0.0853387272601246	0.0628808358066	0.0616898870173979	0.010535800928814	0.0617465988645028	0.0683818849757714	0.0379276230804615	"SM B-cells"	"CVID"
"Immunodeficiency7827714"	0.0480841157848752	0.0768986792577033	0.055570516388096	0.0466299228619474	0.0559475293681143	0.0446371399675649	0.0619258780512618	0.0828231689437054	0.0667731877943544	0.0197004242892108	0.0687659706887369	0.0452834479333106	0.0663961748143361	0.0526082715450949	0.0403822791930725	0.0533084385079861	0.0684428167058641	0.0458220379047653	"SM B-cells"	"CONTROL"
"Immunodeficiency7827715"	0.046887677557224	0.0752225536242815	0.0594352451803856	0.0522358211343093	0.0631378061183677	0.0597437919252174	0.0500245694630144	0.0754796759116414	0.0636006262356154	0.00651947844172466	0.0652976333321906	0.0691030431851166	0.0640634463528632	0.0592809718079697	0.0209183265338773	0.0576868136263385	0.0666860936839339	0.0446764258859291	"SM B-cells"	"CVID"
"Immunodeficiency7827716"	0.0562702732420694	0.10117378635439	0.0511366760129749	0.0486626532519655	0.0419209412282149	0.0419827917972401	0.0537343999120347	0.101235636923415	0.0766809610203969	0.0182321732915498	0.0599813073835835	0.0460030787838804	0.0653623068887789	0.0584350431579526	0.0173044147561713	0.0518170322722525	0.0727843751718071	0.0372821485513222	"SM B-cells"	"CONTROL"
"Immunodeficiency7827717"	0.0422601363777834	0.0729706023823671	0.0579464108875874	0.0551962199021023	0.0612058965000142	0.0577936224995049	0.0516820869762046	0.0749059219647455	0.0640070169481934	0.00803553744730215	0.06054381348499	0.105361740655858	0.0554508672155731	0.0628865687689217	0.0200039611804318	0.0543304190363014	0.0630902866196984	0.0323288911524206	"SM B-cells"	"CVID"
"Immunodeficiency7827718"	0.0403124374696281	0.100320155504102	0.0474516193579739	0.0488022753909042	0.0479661549895664	0.0392833662064431	0.0576780150358746	0.112218791984678	0.0826329931681102	0.0141354372123603	0.0575493811279764	0.0473873024040248	0.0629520052596976	0.054976702970014	0.0206957665151645	0.0462295972329417	0.0814752879970271	0.0379327101735129	"SM B-cells"	"CONTROL"
"Immunodeficiency7827719"	0.0530361678143123	0.097773974928357	0.0534028711513127	0.0501025411183094	0.0455187494058048	0.0425240054869685	0.0408127232476334	0.0996074916133589	0.0670320118431596	0.0143489657607736	0.0668486601746594	0.0606147034456532	0.0658707846093251	0.0511415339064771	0.0290782164636217	0.0469244455309729	0.0711879829958305	0.0441741705034701	"SM B-cells"	"CVID"
"Immunodeficiency7827720"	0.0291070887401163	0.152216436620106	0.0351819709617875	0.0203047083781029	0.0237760696476293	0.0138578945918395	0.0517949141802353	0.166349836074607	0.0860126181227099	0.0155935752266027	0.0619610436124198	0.0604733173540513	0.060721271730446	0.028363225610932	0.014353803344629	0.056382070143538	0.0894839793922363	0.0340661762680111	"SM B-cells"	"CONTROL"
"Immunodeficiency7827721"	0.0457145831706619	0.0605658363915567	0.0662814606595351	0.0635641966632831	0.0691861221727701	0.0662346112802894	0.0292236016761667	0.0677806407953983	0.0585513130839905	0.0156372816949064	0.0543348689518753	0.0709195492048619	0.0529293875745035	0.0617370708726998	0.043137867312147	0.0617370708726998	0.0601441919783452	0.0523203456443091	"SM B-cells"	"CVID"
"Immunodeficiency7827722"	0.0598530514319988	0.0787464387464387	0.057423901634428	0.0559124306492728	0.0493267356425251	0.0458179637127006	0.0650352376668166	0.08419853051432	0.0701094616884091	0.0171000149947518	0.0735102714050083	0.0526195831458989	0.0629299745089219	0.0509461688409057	0.017585844954266	0.0477612835507572	0.0717288948867896	0.039394212025791	"SM B-cells"	"CONTROL"
"Immunodeficiency7827723"	0.0379206875945633	0.0848940255050794	0.0585752247269583	0.0541696863358381	0.0488487113959136	0.0621225413535747	0.0628663335494781	0.089585637817701	0.0642967031569847	0.0076540666997241	0.0654982136272902	0.0723639877433218	0.0516522358266265	0.0617792526477731	0.0200124601085809	0.0542269011201383	0.0683017380580031	0.035231592732451	"USM B-cells"	"CONTROL"
"Immunodeficiency7827724"	0.0394684761096975	0.152445575346339	0.0306135142776364	0.0287814532089341	0.0255244557534634	0.0202318348883234	0.0586033361605881	0.153158043539723	0.0853717839977382	0.0249137687305626	0.0626745829799265	0.0378399773819621	0.0635906135142776	0.0502572801809443	0.0133107152954481	0.0273565168221657	0.0837432852700028	0.0421147865422675	"SM B-cells"	"CONTROL"
"Immunodeficiency7827725"	0.0548883169701014	0.106932926635529	0.0415197153115369	0.0449512280367299	0.0450227178851714	0.028651542592063	0.0489546595494551	0.118299812537731	0.0741905760493121	0.0569615225749055	0.0290089918342706	0.016855717599212	0.0668271216598354	0.056890032726464	0.0305102786515426	0.0428780224319258	0.0739761065039875	0.0626807104502272	"USM B-cells"	"CONTROL"
"Immunodeficiency7827726"	0.0371919742522519	0.0957582416034593	0.054685794370145	0.0461924179360954	0.0397906939074461	0.0511997070278112	0.0652708232095948	0.104188234631285	0.0693907446141711	0.0110780108878607	0.0599466170867578	0.0876451656067553	0.0529744424020902	0.0553830118386118	0.00987372616959991	0.0494249716535322	0.0721796144880381	0.0378258083144944	"SM B-cells"	"CONTROL"
"Immunodeficiency7827727"	0.0281470678060121	0.0932169056923643	0.0459851785369259	0.057765062981869	0.0619160698815156	0.0507532270027362	0.0222571255835406	0.0831198618824131	0.069488852738979	0.0797541806124293	0.00795298018610971	0.0143477745990788	0.0664597395959936	0.0645525202096695	0.0724057765062982	0.0534457720187232	0.0702741783686418	0.0581577257967004	"USM B-cells"	"CONTROL"
"Immunodeficiency7827728"	0.0555555555555556	0.134410695742471	0.0410361964100282	0.0270175048212431	0.0472110962765168	0.0231790535528853	0.0486296543539534	0.140335261830589	0.0810061563566237	0.0151683726450082	0.0678219106957425	0.0351116303219107	0.0641503486129654	0.0447912030855956	0.0195074914701083	0.0374480789200415	0.0830088265835929	0.0346109627651684	"SM B-cells"	"CONTROL"
"Immunodeficiency7827729"	0.0382162021506284	0.0975870484067205	0.0575212214556477	0.0439127652242406	0.0442925360958148	0.0322031633507043	0.066762312663952	0.1067015493245	0.0763198795985681	0.0166325576161642	0.0697371844912829	0.0410011885421722	0.0646735728702942	0.058280763198796	0.0166958527614265	0.0437228797884536	0.0847381339184618	0.0410011885421722	"USM B-cells"	"CONTROL"
"Immunodeficiency7827730"	0.0234281710434122	0.132940561131342	0.0348856717095459	0.0320435010016678	0.0357738500557579	0.0197866398239433	0.0507840641067393	0.149105407032399	0.101143776336955	0.0129476665581115	0.0557578628455261	0.0753866042968095	0.0587776692226466	0.0468760793834069	0.0181879188007619	0.0426128233215896	0.0863111979552161	0.0232505353741698	"SM B-cells"	"CONTROL"
"Immunodeficiency7827731"	0.0414693033695137	0.0944228495365945	0.0471406217917401	0.0465033950027259	0.0415967487273165	0.0342049179747517	0.0578460318471789	0.113858266601528	0.0765804994441966	0.0208231554054532	0.0617331152601655	0.0582920905994888	0.0705905676274631	0.0542775618286993	0.0147695009098182	0.0454838321403032	0.077536339627718	0.0428712023053449	"USM B-cells"	"CONTROL"
"Immunodeficiency7827732"	0.0416569228130895	0.11588170182249	0.0501457680495144	0.0299409132719081	0.0453050215923795	0.0324665201191089	0.0582838345571613	0.118828243144225	0.082908501317369	0.0114197963924357	0.0620020890822069	0.0364653976271768	0.0749809020469888	0.067965327471431	0.00510577927443369	0.0413762998300672	0.0838205260121915	0.0414464555758228	"SM B-cells"	"CONTROL"
"Immunodeficiency7827733"	0.026894882292031	0.100091203960858	0.0573213465270492	0.0533097437374423	0.0591111385408738	0.0479403676959685	0.0109101880995975	0.0931171868035412	0.0758364363252347	0.0755278514952649	0.00504707633017205	0.0170201677329987	0.0628758734665048	0.0581236670849705	0.0756512854272528	0.0508410650976842	0.076762190815144	0.0536183285674121	"USM B-cells"	"CONTROL"
"Immunodeficiency7827734"	0.0402254933504934	0.0943398755898756	0.0545232732732733	0.0504209566709567	0.047585531960532	0.0461376555126555	0.032624141999142	0.0994677713427713	0.0687003968253968	0.023514586014586	0.0449310918060918	0.0807660338910339	0.0561521342771343	0.0579016516516517	0.0301506864006864	0.0569967288717289	0.0763620763620764	0.0391999141999142	"SM B-cells"	"CONTROL"
"Immunodeficiency7827735"	0.0387676406281057	0.112900019876764	0.0452077121844564	0.0424170145100378	0.0474975154044922	0.0218087855297158	0.0645279268535082	0.112041343669251	0.0768356191612006	0.0205923275690718	0.0731862452792685	0.0457801629894653	0.067390180878553	0.05343669250646	0.0237408069966209	0.0427747962631684	0.0772649572649573	0.0338302524349036	"USM B-cells"	"CONTROL"
"Immunodeficiency7827736"	0.0472466239173678	0.0764915922260524	0.0509717434547858	0.0414643488145101	0.0385176124640152	0.0444666839640708	0.0655942276091281	0.088000543632702	0.0666506047913809	0.0158333024451116	0.0694861435437439	0.10267862658611	0.0578659945389624	0.0498041686744011	0.0213931823517056	0.0569208149548414	0.0663726107960513	0.0402411752350594	"SM B-cells"	"CONTROL"
"Immunodeficiency7827737"	0.0367797077474497	0.12157233447556	0.0447910512426642	0.0393319941707038	0.0464216786797432	0.0418133837488676	0.0476978218913703	0.115404308952696	0.0780416715900587	0.0284138800267833	0.0501792114695341	0.0160069321359644	0.0682579069675844	0.0528023947378786	0.0260033872937099	0.0478396155815511	0.0875418488321714	0.0511008704557092	"USM B-cells"	"CONTROL"
"Immunodeficiency7827738"	0.0434038630322088	0.0815353627196555	0.0547694367095401	0.0505073465805409	0.0502800351069942	0.0568152399714598	0.0608500186269124	0.0919348626344137	0.0621002317314189	0.0082274125008682	0.0639755513881785	0.109210534623957	0.0474386416876614	0.0562469612875932	0.00976176494730794	0.053632879341807	0.0659076989133249	0.0334021581961572	"SM B-cells"	"CONTROL"
"Immunodeficiency7827739"	0.0378196265989114	0.085684215770529	0.057043928807184	0.0514952235050879	0.0526722215994719	0.0498698451842718	0.0429199516745756	0.0937550598463052	0.0730735219021286	0.0155687578622227	0.0486367995615838	0.0519436037315199	0.0595100200525601	0.0669643413169924	0.0273387388060631	0.0606870181469442	0.0733537595436486	0.0516633660899999	"SM B-cells"	"CVID"
"Immunodeficiency7827740"	0.0164484327436725	0.0862172566576204	0.0618516537575193	0.0674379139346157	0.0578699576738443	0.0755795910012348	0.0340392094715504	0.0920412300337421	0.0724298911141486	0.0069399047826575	0.0343363509703321	0.101312044795732	0.0499065655064942	0.0531751219930931	0.0226884042180887	0.0559682520816413	0.0711818968192653	0.0405763224447482	"SM B-cells"	"CONTROL"
"Immunodeficiency7827741"	0.0263717388799866	0.141651218567045	0.0394738220169458	0.0281626711073407	0.0318387951529624	0.0177941161068694	0.0577601826541406	0.154470522931264	0.0893371456101214	0.0242980278798923	0.0612477875179355	0.0401336391533394	0.0686942952000922	0.0489940406991967	0.0125155790157204	0.0336297273803165	0.0845299064735392	0.0390967836532923	"SM B-cells"	"CVID"
"Immunodeficiency7827742"	0.0522725648173677	0.129747061646703	0.0353623543587701	0.023874439645049	0.0249772794575662	0.0210254367960461	0.0691827752759652	0.146749175423011	0.0754322008802296	0.00898610217606633	0.0865525023231117	0.0533754046298849	0.0750645876093905	0.0404170368328074	0.0151436244626209	0.0273667657180202	0.0881148587241777	0.0263558292232127	"SM B-cells"	"CONTROL"
"Immunodeficiency7827743"	0.0293624230403702	0.114003553572166	0.0481798272798645	0.042675922482542	0.0475848105450188	0.0417090202884178	0.0413371348291393	0.128432709392174	0.0772612701954465	0.0142638733936614	0.0600057848849221	0.0451303665137804	0.0607495558034792	0.0557662906491467	0.0243047807941821	0.0456510061567704	0.0858890128507087	0.0376926573282096	"SM B-cells"	"CVID"
"Immunodeficiency7827744"	0.0169400285978636	0.115955925645555	0.0447977121709143	0.039650096728068	0.0457818151232232	0.0535789385145933	0.0485827235259484	0.128446463117167	0.0826478257212549	0.0127008158802254	0.0389687946841618	0.0921860543359408	0.0538817394229961	0.050096728067962	0.0148961224661452	0.0447220119438136	0.079317015728825	0.0368491883253428	"SM B-cells"	"CONTROL"
"Immunodeficiency7827745"	0.0157178392587523	0.145153756748243	0.0412335299421036	0.0314574032435016	0.0388872595344391	0.028426803966935	0.0276447138310468	0.153756748243013	0.0935358077796244	0.0114163435113675	0.0343902412530822	0.0643051889508044	0.0659671304895667	0.0571686164608249	0.0131760463171158	0.0428954714808659	0.0978373035270093	0.0370297954617047	"SM B-cells"	"CVID"
"Immunodeficiency7827746"	0.0388392943967948	0.134585837368964	0.0337631522648151	0.0165217729544703	0.033238034113231	0.023260789233133	0.0718342182546629	0.145088200400646	0.092313826166443	0.0059318902308575	0.0804111480638699	0.0388392943967948	0.0689460684209503	0.0548553980201101	0.00776980376140187	0.0354260264114981	0.0947643775405022	0.0236108680008557	"SM B-cells"	"CONTROL"
"Immunodeficiency7827747"	0.0283029469989713	0.117075996092568	0.0445637421440736	0.0444859392964894	0.0446415449916578	0.044019122210984	0.033126723549193	0.128590817535033	0.0809754748134893	0.0398955712890203	0.0297812011030715	0.0461976019433422	0.0580236347761439	0.0484538845232847	0.0347605833484617	0.0547559151776066	0.0820647146796684	0.0402845855269414	"SM B-cells"	"CVID"
"Immunodeficiency7827748"	0.0523166745075333	0.080000965029735	0.0575821179990108	0.0495482454553131	0.052588089120496	0.0447170653445759	0.0499825088360535	0.0886319497219508	0.0689272488208543	0.0166527943642263	0.066538800226782	0.0426543142860589	0.0659959710008565	0.0589391910638247	0.0315263151545857	0.0509053185201269	0.0740298435445542	0.048462587003462	"SM B-cells"	"CONTROL"
"Immunodeficiency7827749"	0.039184545926725	0.0554107235606696	0.0622427983539095	0.0647149306804107	0.0667375844020936	0.0736595549162971	0.0353190299252867	0.059545926724999	0.0600853010507811	0.0176095728954413	0.0418814175556355	0.108449198929242	0.0514103639777858	0.0637710256102921	0.0367124136002237	0.0634114427264373	0.0548713492348875	0.0449828199288825	"SM B-cells"	"CVID"
"Immunodeficiency7827750"	0.0254235307863068	0.144140670639093	0.0420376212174319	0.0214277368851501	0.0415118588620166	0.0338357284729525	0.0483467694824162	0.153499240565487	0.094298399345718	0.00512910386727421	0.0577053394088094	0.0571795770533941	0.0617011333099661	0.0485570744245823	0.0076527631732679	0.0387778946138568	0.0885150134361491	0.0302605444561281	"SM B-cells"	"CONTROL"
"Immunodeficiency7827751"	0.035519252846815	0.11203419280772	0.0456421235533215	0.046968568680381	0.0392193366222967	0.0427099816935059	0.0396382140308418	0.124740140866921	0.0789428775326569	0.0131093114896522	0.0555555555555556	0.0654689875577896	0.0614198392751869	0.0585575103167954	0.0129696856868038	0.0521347233857706	0.0772673678984765	0.0381023301995098	"SM B-cells"	"CVID"
"Immunodeficiency7827752"	0.0363777636504909	0.128319912410821	0.0516352334534153	0.0266034470579925	0.0390001412728685	0.0199283040192131	0.0531450872359963	0.13706117115208	0.0802429893338984	0.00594229003319912	0.0680052270961362	0.0820707070707071	0.0558469308469308	0.0555290668927033	0.00276365049092322	0.0509200395564032	0.0763491558946104	0.0302588825316098	"SM B-cells"	"CONTROL"
"Immunodeficiency7827753"	0.047506133495207	0.0918949338594228	0.0557009889470622	0.0440916103902673	0.0591155120520019	0.0440916103902673	0.0497824822318335	0.0957647267116878	0.0714077952297848	0.0222955712370691	0.05809115512052	0.0328805928623821	0.072204517287604	0.0588309684599236	0.0244581025368642	0.047506133495207	0.0784644763133268	0.0459126893795685	"SM B-cells"	"CVID"
"Immunodeficiency7827754"	0.0342343258660293	0.131648316254312	0.0482704842305117	0.0321746721929802	0.0446088777006467	0.0333952077029352	0.0542968783109145	0.128673260948797	0.0838948644273231	0.0127986709724447	0.0547545791271476	0.0445325942312745	0.0684093201447691	0.051245539536027	0.0126461040337003	0.0423203736194811	0.0847339825904171	0.0373619481102889	"SM B-cells"	"CONTROL"
"Immunodeficiency7827755"	0.0731023041924348	0.0772740025127774	0.04938949268733	0.0390151376538466	0.0520242495212305	0.036435271587319	0.0696990766153133	0.0853978360839707	0.068381698198363	0.0216147643966285	0.0721142703797221	0.0330320440101975	0.067613227455142	0.057019309352167	0.0329222624754516	0.0457118112733438	0.0576231077932692	0.0616301338114929	"USM B-cells"	"CONTROL"
"Immunodeficiency7827756"	0.0316756796937429	0.119232127260226	0.0359406069391017	0.0392856479158536	0.0280797606437346	0.0429651929902808	0.0693073906822025	0.12659121740908	0.0929735555927227	0.00834401888089796	0.0513277954321607	0.0806805300031592	0.0565126089461263	0.0494880228949471	0.0138633364925387	0.0307557934251361	0.083272936760142	0.0397037780379476	"SM B-cells"	"CONTROL"
"Immunodeficiency7827757"	0.0354862698153589	0.128858780425872	0.0396488555156528	0.0305074908404977	0.0389142815685421	0.0365473210722966	0.0454438277650814	0.139469292995248	0.0853556788914282	0.00855189175463416	0.0660935176116371	0.0300177748757572	0.0695215293648203	0.0570337722639388	0.0141020060216926	0.0509123227046831	0.0868248267856495	0.0367105597272101	"USM B-cells"	"CONTROL"
"Immunodeficiency7827758"	0.056600739668757	0.0902910435761376	0.0494806238945168	0.0479755587715067	0.0439813474835183	0.0370348930696253	0.0516224473388005	0.093532722302621	0.0722302621000161	0.0145746904647049	0.0679466152114488	0.0460652838076861	0.068930696253417	0.0567744010291044	0.0420131853995819	0.052259205660074	0.0706673098568902	0.0380189741115935	"SM B-cells"	"CONTROL"
"Immunodeficiency7827759"	0.0453537668719009	0.107912752984885	0.05937560858688	0.0334217188740581	0.0375338936077779	0.0339610204784804	0.0584992434796938	0.112294578520816	0.0802061330576903	0.0258714964121463	0.066251704043264	0.0493985289050679	0.0620721166089914	0.050949021017782	0.0227705121867182	0.0411741794376283	0.0657798151393945	0.0471739097868261	"USM B-cells"	"CONTROL"
